%YAML:1.0
aruco_bc_nmarkers: 4
aruco_bc_mInfoType: 1
aruco_bc_markers:
   - { id:152, corners:[ [ -0.17, -0.17, 0. ], [ -0.01, -0.17, 0. ], [
       -0.01, -0.01, 0. ], [ -0.17, -0.01, 0. ] ] }


   - { id:122, corners:[ [ 0.01, -0.17, 0. ], [ 0.17, -0.17, 0. ], [ 0.17,
       -0.01, 0. ], [ 0.01, -0.01, 0. ] ] }


   - { id:344, corners:[ [ -0.17, 0.01, 0. ], [ -0.01, 0.01, 0. ], [ -0.01,
       0.17, 0. ], [ -0.17, 0.17, 0. ] ] }
   - { id:591, corners:[ [ 0.01, 0.01, 0. ], [ 0.17, 0.01, 0. ], [ 0.17,
       0.17, 0. ], [ 0.01, 0.17, 0. ] ] }
